0.06 -36.95 0.31121 209.12 227.79 0.9644
0.06 -20 0.33608 220.60 240.76 1.0174
0.06 -10 0.35048 227.55 248.58 1.0477
0.06 0 0.3648 234.66 256.5 1.077 
0.06 10 0.3789 241.92 264.7 1.107
0.06 20 0.3930 249.35 272.9 1.135
0.06 30 0.4071 256.95 281.4 1.164
0.06 40 0.4210 264.71 290.0 1.192
0.06 50 0.4350 272.64 298.7 1.219
0.06 60 0.4488 280.73 307.7 1.246
0.06 70 0.4627 288.99 316.8 1.273
0.06 80 0.4765 297.41 326.0 1.300
0.06 90 0.4903 306.00 335.4 1.326
0.06 100 0.5041 314.74 345.0 1.352
0.10 -26.4 0.1926 215.19 234.5 0.952
0.10 -20 0.1984 219.66 239.5 0.972
0.10 -10 0.2074 226.75 247.5 1.003
0.10 0 0.2163 233.95 255.6 1.033
0.10 10 0.2251 241.30 263.8 1.063
0.10 20 0.2337 248.79 272.2 1.092
0.10 30 0.2423 256.44 280.7 1.120
0.10 40 0.2509 264.25 289.3 1.149
0.10 50 0.2594 272.22 298.2 1.176
0.10 60 0.2678 280.35 307.1 1.204
0.10 70 0.2763 288.64 316.3 1.231
0.10 80 0.2847 297.08 325.6 1.257
0.10 90 0.2930 305.69 335.0 1.284
0.10 100 0.3014 314.46 344.6 1.310
0.14 -18.8 0.1402 219.54 239.18 0.94462
0.14 -10 0.1461 225.91 246.4 0.972
0.14 0 0.1526 233.23 254.6 1.003
0.14 10 0.1591 240.66 262.9 1.033
0.14 20 0.1654 248.22 271.4 1.062
0.14 30 0.1717 255.93 280.0 1.091
0.14 40 0.1780 263.79 288.7 1.120
0.14 50 0.1841 271.79 297.6 1.147
0.14 60 0.1903 279.96 306.6 1.175
0.14 70 0.1964 288.28 315.8 1.202
0.14 80 0.2024 296.75 325.1 1.229
0.14 90 0.2085 305.38 334.6 1.255
0.14 100 0.2145 314.17 344.2 1.282
0.18 -12.7 0.1104 222.99 242.9 0.940
0.18 -10 0.1119 225.02 245.2 0.948
0.18 0 0.1172 232.48 253.6 0.980
0.18 10 0.1224 240.00 262.0 1.010
0.18 20 0.1275 247.64 270.6 1.040
0.18 30 0.1325 255.41 279.3 1.069
0.18 40 0.1374 263.31 288.1 1.098
0.18 50 0.1423 271.36 297.0 1.126
0.18 60 0.1472 279.56 306.1 1.153
0.18 70 0.1520 287.91 315.3 1.181
0.18 80 0.1567 296.42 324.6 1.207
0.18 90 0.1615 305.07 334.1 1.234
0.18 100 0.1662 313.88 343.8 1.260
0.20 -10.1 0.0999 224.48 244.5 0.938
0.20 0 0.1048 224.55 232.09 0.970
0.20 10 0.1096 239.67 261.6 1.001
0.20 20 0.1142 247.35 270.2 1.030
0.20 30 0.1187 255.14 278.9 1.060
0.20 40 0.1232 263.08 287.7 1.088
0.20 50 0.1277 271.15 296.7 1.116
0.20 60 0.1321 279.37 305.8 1.144
0.20 70 0.1364 287.73 315.0 1.171
0.20 80 0.1407 296.25 324.4 1.198
0.20 90 0.1451 304.92 333.9 1.225
0.20 100 0.1493 313.74 343.6 1.251
0.24 -5.4 0.0839 277.14 247.3 0.935
0.24 0 0.0862 231.29 252.0 0.952
0.24 10 0.0903 238.98 260.7 0.983
0.24 20 0.0942 246.74 269.4 1.013
0.24 30 0.0981 254.61 278.2 1.043
0.24 40 0.1019 262.59 287.1 1.072
0.24 50 0.1057 270.71 296.1 1.100
0.24 60 0.1094 278.97 305.2 1.128
0.24 70 0.1131 287.36 314.5 1.156
0.24 80 0.1168 295.91 323.9 1.183
0.24 90 0.1204 304.60 333.5 1.209
0.24 100 0.1240 313.44 343.2 1.236
0.28 -1.2 0.0724 229.46 249.7 0.932
0.28 10 0.0765 230.44 259.7 0.968
0.28 20 0.0800 238.27 268.5 0.999
0.28 30 0.0834 246.13 277.4 1.029
0.28 40 0.0867 254.06 286.4 1.058
0.28 50 0.0900 262.10 295.5 1.086
0.28 60 0.0932 270.27 304.7 1.114
0.28 70 0.0964 278.56 314.0 1.142
0.28 80 0.0996 286.99 323.5 1.169
0.28 90 0.1028 295.57 333.1 1.196
0.28 100 0.1059 304.29 342.8 1.222
0.28 110 0.1090 313.15 352.7 1.248
0.28 120 0.1121 322.16 362.7 1.274
0.28 130 0.11512 340.63 372.87 1.2997
0.28 140 0.11818 350.09 383.18 1.3250
0.32 2.46 0.06360 231.52 251.88 0.9301
0.32 10 0.06609 237.54 258.69 0.9544
0.32 20 0.06925 245.50 267.66 0.9856
0.32 30 0.07231 253.50 276.65 1.0157
0.32 40 0.07530 261.60 285.70 1.0451
0.32 50 0.07823 269.82 294.85 1.0739
0.32 60 0.08111 278.15 304.11 1.1021
0.32 70 0.08395 286.62 313.48 1.1298
0.32 80 0.08675 295.22 322.98 1.1571
0.32 90 0.08953 303.97 332.62 1.1840
0.32 100 0.09229 312.86 342.39 1.2105
0.32 110 0.09503 321.89 352.30 1.2367
0.32 120 0.09775 331.07 362.35 1.2626
0.32 130 0.10045 340.39 372.54 1.2882
0.32 140 0.10314 349.86 382.87 1.3135
0.40 8.91 0.051201 235.07 255.55 0.9269
0.40 10 0.051506 235.97 256.58 0.9305
0.40 20 0.054213 244.18 265.86 0.9628
0.40 30 0.056796 252.36 275.07 0.9937
0.40 40 0.059292 260.58 284.30 1.0236
0.40 50 0.061724 268.90 293.59 1.0528
0.40 60 0.064104 277.32 302.96 1.0814
0.40 70 0.066443 285.86 312.44 1.1094
0.40 80 0.068747 294.53 322.02 1.1369
0.40 90 0.071023 303.32 331.73 1.1640
0.40 100 0.073274 312.26 341.57 1.1907
0.40 110 0.075504 321.33 351.53 1.2171
0.40 120 0.077717 330.55 361.63 1.2431
0.40 130 0.079913 339.90 371.87 1.2688
0.40 140 0.082096 349.41 382.24 1.2942
0.50 15.71 0.041118 238.75 259.30 0.9240
0.50 20 0.042115 242.40 263.46 0.9383
0.50 30 0.044338 250.84 273.01 0.9703
0.50 40 0.046456 259.26 282.48 1.0011
0.50 50 0.048499 267.72 291.96 1.0309
0.50 60 0.050485 276.25 301.50 1.0599
0.50 70 0.052427 284.89 311.10 1.0883
0.50 80 0.054331 293.64 320.80 1.1162
0.50 90 0.056205 302.51 330.61 1.1436
0.50 100 0.058053 311.50 340.53 1.1705
0.50 110 0.059880 320.63 350.57 1.1971
0.50 120 0.061687 329.89 360.73 1.2233
0.50 130 0.063479 339.29 371.03 1.2491
0.50 140 0.065256 348.83 381.46 1.2747
0.50 150 0.067021 358.51 392.02 1.2999
0.50 160 0.068775 368.33 402.72 1.3249
0.60 21.6 0.034295 241.83 262.40 0.9218
0.60 30 0.035984 249.22 270.81 0.9499
0.60 40 0.037865 257.86 280.58 0.9816
0.60 50 0.039659 266.48 290.28 1.0121
0.60 60 0.041389 275.15 299.98 1.0417
0.60 70 0.043069 283.89 309.73 1.0705
0.60 80 0.044710 292.73 319.55 1.0987
0.60 90 0.046318 301.67 329.46 1.1264
0.60 100 0.047900 310.73 339.47 1.1536
0.60 110 0.049458 319.91 349.59 1.1803
0.60 120 0.050997 329.23 359.82 1.2067
0.60 130 0.052519 338.67 370.18 1.2327
0.60 140 0.054027 348.25 380.66 1.2584
0.60 150 0.055522 357.96 391.27 1.2838
0.60 160 0.057006 367.81 402.01 1.3088
0.70 26.69 0.029361 244.48 265.03 0.9199
0.70 30 0.029966 247.48 268.45 0.9313
0.70 40 0.031696 256.39 278.57 0.9641
0.70 50 0.033322 265.20 288.53 0.9954
0.70 60 0.034875 274.01 298.42 1.0256
0.70 70 0.036373 282.87 308.33 1.0549
0.70 80 0.037829 291.80 318.28 1.0835
0.70 90 0.039250 300.82 328.29 1.1114
0.70 100 0.040642 309.95 338.40 1.1389
0.70 110 0.042010 319.19 348.60 1.1658
0.70 120 0.043358 328.55 358.90 1.1924
0.70 130 0.044688 338.04 369.32 1.2186
0.70 140 0.046004 347.66 379.86 1.2444
0.70 150 0.047306 357.41 390.52 1.2699
0.70 160 0.048597 367.29 401.31 1.2951
0.80 31.3 0.025621 246.79 267.29 0.9183
0.80 40 0.027035 254.82 276.45 0.9480
0.80 50 0.028547 263.86 286.69 0.9802
0.80 60 0.029973 272.83 296.81 1.0110
0.80 70 0.031340 281.81 306.88 1.0408
0.80 80 0.032659 290.84 316.97 1.0698
0.80 90 0.033941 299.95 327.10 1.0981
0.80 100 0.035193 309.15 337.30 1.1258
0.80 110 0.036420 318.45 347.59 1.1530
0.80 120 0.037625 327.87 357.97 1.1798
0.80 130 0.038813 337.40 368.45 1.2061
0.80 140 0.039985 347.06 379.05 1.2321
0.80 150 0.041143 356.85 389.76 1.2577
0.80 160 0.042290 366.76 400.59 1.2830
0.80 170 0.043427 376.81 411.55 1.3080
0.80 180 0.044554 386.99 422.64 1.3327
0.90 35.5 0.022683 248.85 269.26 0.9169
0.90 40 0.023375 253.13 274.17 0.9327
0.90 50 0.024809 262.44 284.77 0.9660
0.90 60 0.026146 271.60 295.13 0.9976
0.90 70 0.027413 280.72 305.39 1.0280
0.90 80 0.028630 289.86 315.63 1.0574
0.90 90 0.029806 299.06 325.89 1.0860
0.90 100 0.030951 308.34 336.19 1.1140
0.90 110 0.032068 317.70 346.56 1.1414
0.90 120 0.033164 327.18 357.02 1.1684
0.90 130 0.034241 336.76 367.58 1.1949
0.90 140 0.035302 346.46 378.23 1.2210
0.90 150 0.036349 356.28 389.00 1.2467
0.90 160 0.037384 366.23 399.88 1.2721
0.90 170 0.038408 376.31 410.88 1.2972
0.90 180 0.039423 386.52 422.00 1.3221
1.00 39.37 0.020313 250.68 270.99 0.9156
1.00 40 0.020406 251.30 271.71 0.9179
1.00 50 0.021796 260.94 282.74 0.9525
1.00 60 0.023068 270.32 293.38 0.9850
1.00 70 0.024261 279.59 303.85 1.0160
1.00 80 0.025398 288.86 314.25 1.0458
1.00 90 0.026492 298.15 324.64 1.0748
1.00 100 0.027552 307.51 335.06 1.1031
1.00 110 0.028584 316.94 345.53 1.1308
1.00 120 0.029592 326.47 356.06 1.1580
1.00 130 0.030581 336.11 366.69 1.1846
1.00 140 0.031554 345.85 377.40 1.2109
1.00 150 0.032512 355.71 388.22 1.2368
1.00 160 0.033457 365.70 399.15 1.2623
1.00 170 0.034392 375.81 410.20 1.2875
1.00 180 0.035317 386.04 421.36 1.3124
1.20 46.29 0.016715 253.81 273.87 0.9130
1.20 50 0.017201 257.63 278.27 0.9267
1.20 60 0.018404 267.56 289.64 0.9614
1.20 70 0.019502 277.21 300.61 0.9938
1.20 80 0.020529 286.75 311.39 1.0248
1.20 90 0.021506 296.26 322.07 1.0546
1.20 100 0.022442 305.80 332.73 1.0836
1.20 110 0.023348 315.38 343.40 1.1118
1.20 120 0.024228 325.03 354.11 1.1394
1.20 130 0.025086 334.77 364.88 1.1664
1.20 140 0.025927 344.61 375.72 1.1930
1.20 150 0.026753 354.56 386.66 1.2192
1.20 160 0.027566 364.61 397.69 1.2449
1.20 170 0.028367 374.78 408.82 1.2703
1.20 180 0.029158 385.08 420.07 1.2954
1.40 52.4 0.014107 256.37 276.12 0.9105
1.40 60 0.015005 264.46 285.47 0.9389
1.40 70 0.016060 274.62 297.10 0.9733
1.40 80 0.017023 284.51 308.34 1.0056
1.40 90 0.017923 294.28 319.37 1.0364
1.40 100 0.018778 304.01 330.30 1.0661
1.40 110 0.019597 313.76 341.19 1.0949
1.40 120 0.020388 323.55 352.09 1.1230
1.40 130 0.021155 333.41 363.02 1.1504
1.40 140 0.021904 343.34 374.01 1.1773
1.40 150 0.022636 353.37 385.07 1.2038
1.40 160 0.023355 363.51 396.20 1.2298
1.40 170 0.024061 373.75 407.43 1.2554
1.40 180 0.024757 384.10 418.76 1.2807
1.60 57.88 0.012123 258.47 277.86 0.9078
1.60 60 0.012372 260.89 280.69 0.9163
1.60 70 0.013430 271.76 293.25 0.9535
1.60 80 0.014362 282.09 305.07 0.9875
1.60 90 0.015215 292.17 316.52 1.0194
1.60 100 0.016014 302.14 327.76 1.0500
1.60 110 0.016773 312.07 338.91 1.0795
1.60 120 0.017500 322.02 350.02 1.1081
1.60 130 0.018201 332.00 361.12 1.1360
1.60 140 0.018882 342.05 372.26 1.1632
1.60 150 0.019545 352.17 383.44 1.1900
1.60 160 0.020194 362.38 394.69 1.2163
1.60 170 0.020830 372.69 406.02 1.2421
1.60 180 0.021456 383.11 417.44 1.2676
